0 0.285455 0.169399 0.141818 0.087432
0 0.085455 0.166667 0.163636 0.180328
1 0.187273 0.060109 0.367273 0.109290
0 0.281818 0.729508 0.207273 0.344262
0 0.549091 0.336066 0.698182 0.191257
0 0.069091 0.734973 0.130909 0.202186
0 0.494545 0.076503 0.080000 0.142077
0 0.530909 0.912568 0.189091 0.174863
0 0.890909 0.907104 0.181818 0.185792
0 0.720000 0.934426 0.109091 0.131148
0 0.081818 0.379781 0.040000 0.060109
0 0.429091 0.420765 0.101818 0.065574
0 0.016364 0.355191 0.025455 0.054645
0 0.020000 0.904372 0.032727 0.125683
