0 0.141000 0.567568 0.030000 0.066066
0 0.098000 0.486486 0.032000 0.084084
0 0.096000 0.385886 0.036000 0.087087
0 0.539000 0.543544 0.038000 0.144144
0 0.423000 0.462462 0.034000 0.102102
0 0.373000 0.354354 0.034000 0.096096
0 0.260000 0.216216 0.052000 0.174174
0 0.406000 0.076577 0.040000 0.087087
0 0.459000 0.106607 0.042000 0.093093
0 0.525000 0.126126 0.046000 0.132132
0 0.606000 0.180180 0.036000 0.108108
0 0.680000 0.231231 0.032000 0.114114
0 0.776000 0.298799 0.036000 0.135135
0 0.915000 0.414414 0.034000 0.084084
